{
  "nbformat": 4,
  "nbformat_minor": 0,
  "metadata": {
    "colab": {
      "provenance": []
    },
    "kernelspec": {
      "name": "python3",
      "display_name": "Python 3"
    },
    "language_info": {
      "name": "python"
    }
  },
  "cells": [
    {
      "cell_type": "code",
      "execution_count": 1,
      "metadata": {
        "id": "PUwLcFWB4uxD"
      },
      "outputs": [],
      "source": [
        "import numpy as np\n",
        "import matplotlib.pyplot as plt\n",
        "import time\n",
        "import warnings\n",
        "import matplotlib.image as img\n",
        "from matplotlib.animation import FuncAnimation\n",
        "from IPython.display import HTML\n",
        "\n",
        "warnings.filterwarnings(\"ignore\")\n"
      ]
    },
    {
      "cell_type": "code",
      "source": [
        "etiquetas = [\"Palmira\", \"Pasto\", \"Tuluá\", \"Bogota\",\t\"Pereira\", \"Armenia\",\n",
        "             \"Manizales\", \"Valledupar\", \"Montería\", \"Soledad\", \"Cartagena\",\n",
        "             \"Barranquilla\", \"Medellín\", \"Bucaramanga\", \"Cúcuta\"]\n",
        "\n",
        "\n",
        "\n",
        "table_data = [\n",
        "    [0.0, 123583.621756576, 35552.79141031357, 184566.51062565017, 76479.64743646902, 67559.08271659979, 99617.5652845891, 386628.79016198544, 364976.79887056025, 468808.899390697, 448847.2288007133, 475304.8093327389, 179785.2186357557, 265501.6680041611, 334652.01711992867],\n",
        "    [123583.621756576, 0.0, 156456.33654331998, 259935.78650616732, 197483.1925694754, 188462.62784960616, 220521.11041759548, 507622.6019616585, 485880.34400356666, 589712.4445237033, 569841.0406003863, 596208.3544657453, 300688.76376876206, 386405.2131371675, 454196.6839649279],\n",
        "    [35552.79141031357, 156456.33654331998, 0.0, 151965.66116807848, 43980.48812602169, 34867.96659236142, 67016.71582701738, 354029.6308515381, 332375.9494129885, 436119.473413583, 416246.3793431416, 442703.9598751672, 147094.10251151733, 232810.55187992274, 302051.167662357],\n",
        "    [184566.51062565017, 259935.78650616732, 151965.66116807848, 0.0, 144108.6115916184, 119197.80237776789, 116278.403626096, 277043.2049635904, 356950.33217417146, 340640.3487888245, 348893.5823747957, 343001.3640659831, 179252.1911130926, 143521.7176697875, 174788.16174765938],\n",
        "    [76479.64743646902, 197483.1925694754, 43980.48812602169, 144108.6115916184, 0.0, 27553.766651805618, 25460.779699806808, 304845.8039530391, 290820.013285778, 394561.84713924804, 374690.44321593107, 401148.0237479566, 105538.16638430672, 183628.41512854808, 252869.0309109823],\n",
        "    [67559.08271659979, 188462.62784960616, 34867.96659236142, 119197.80237776789, 27553.766651805618, 0.0, 53104.81301827909, 321261.77206122753, 318464.0466042502, 422205.8804577203, 402334.47653440334, 428701.7903997622, 133180.50955565463, 200132.95975627878, 269283.3088720464],\n",
        "    [99617.5652845891, 220521.11041759548, 67016.71582701738, 116278.403626096, 25460.779699806808, 53104.81301827909, 0.0, 281524.9426660722, 274760.96911873977, 378593.0696388765, 358631.3990488929, 385088.97958091844, 89479.12221726854, 160397.82050824788, 229546.47947689105],\n",
        "    [386628.79016198544, 507622.6019616585, 354029.6308515381, 277043.2049635904, 304845.8039530391, 321261.77206122753, 281524.9426660722, 0.0, 166667.0128399465, 130386.60106999554, 138639.83465596673, 132747.6163471541, 277161.9610937732, 158381.5491454897, 167788.18558478227],\n",
        "    [364976.79887056025, 485880.34400356666, 332375.9494129885, 356950.33217417146, 290820.013285778, 318464.0466042502, 274760.96911873977, 166667.0128399465, 0.0, 128166.06146529946, 128147.33401694159, 134660.28126021696, 185193.27038192897, 258170.5282211324, 267667.4313270917],\n",
        "    [468808.899390697, 589712.4445237033, 436119.473413583, 340640.3487888245, 394561.84713924804, 422205.8804577203, 378593.0696388765, 130386.60106999554, 128166.06146529946, 0.0, 50378.20683608263, 4758.524921979491, 289025.37090206565, 221978.69297072373, 231385.32941001636],\n",
        "    [448847.2288007133, 569841.0406003863, 416246.3793431416, 348893.5823747957, 374690.44321593107, 402334.47653440334, 358631.3990488929, 138639.83465596673, 128147.33401694159, 50378.20683608263, 0.0, 62092.682954376585, 269062.01016495767, 230143.35003715262, 239549.98647644525],\n",
        "    [475304.8093327389, 596208.3544657453, 442703.9598751672, 343001.3640659831, 401148.0237479566, 428701.7903997622, 385088.97958091844, 132747.6163471541, 134660.28126021696, 4758.524921979491, 62092.682954376585, 0.0, 295519.5906969832, 224249.44158121565, 233746.3446871749],\n",
        "    [179785.2186357557, 300688.76376876206, 147094.10251151733, 179252.1911130926, 105538.16638430672, 133180.50955565463, 89479.12221726854, 277161.9610937732, 185193.27038192897, 289025.37090206565, 269062.01016495767, 295519.5906969832, 0.0, 155942.88212215784, 225183.49790459208],\n",
        "    [265501.6680041611, 386405.2131371675, 232810.55187992274, 143521.7176697875, 183628.41512854808, 200132.95975627878, 160397.82050824788, 158381.5491454897, 258170.5282211324, 221978.69297072373, 230143.35003715262, 224249.44158121565, 155942.88212215784, 0.0, 67791.47082776044],\n",
        "    [334652.01711992867, 454196.6839649279, 302051.167662357, 174788.16174765938, 252869.0309109823, 269283.3088720464, 229546.47947689105, 167788.18558478227, 267667.4313270917, 231385.32941001636, 239549.98647644525, 233746.3446871749, 225183.49790459208, 67791.47082776044, 0.0]\n",
        "\n",
        "]"
      ],
      "metadata": {
        "id": "0yT3nEAI5EJO"
      },
      "execution_count": 2,
      "outputs": []
    },
    {
      "cell_type": "code",
      "source": [
        "# Supongamos que 'array' es tu arreglo de dimensiones 15x15\n",
        "# Por favor, reemplaza esto con tu propio arreglo.\n",
        "array = table_data  # Ejemplo: un arreglo de números aleatorios\n",
        "\n",
        "# Normalizar el arreglo entre 0 y 1\n",
        "normalized_array = (array - np.min(array)) / (np.max(array) - np.min(array))\n",
        "\n",
        "# Alternativamente, si deseas normalizar entre -1 y 1, puedes usar:\n",
        "# normalized_array = 2 * (array - np.min(array)) / (np.max(array) - np.min(array)) - 1\n",
        "\n",
        "# Ahora 'normalized_array' contiene los valores normalizados"
      ],
      "metadata": {
        "id": "AZ-PZv6T5GAG"
      },
      "execution_count": 3,
      "outputs": []
    },
    {
      "cell_type": "code",
      "source": [
        "class AntColonyOptimizer:\n",
        "    def __init__(self, ants, evaporation_rate, intensification, alpha=1.0, beta=0.0, beta_evaporation_rate=0,\n",
        "                 choose_best=.1):\n",
        "        \"\"\"\n",
        "        Ant colony optimizer.  Traverses a graph and finds either the max or min distance between nodes.\n",
        "        :param ants: number of ants to traverse the graph\n",
        "        :param evaporation_rate: rate at which pheromone evaporates\n",
        "        :param intensification: constant added to the best path\n",
        "        :param alpha: weighting of pheromone\n",
        "        :param beta: weighting of heuristic (1/distance)\n",
        "        :param beta_evaporation_rate: rate at which beta decays (optional)\n",
        "        :param choose_best: probability to choose the best route\n",
        "        \"\"\"\n",
        "        # Parameters\n",
        "        self.ants = ants\n",
        "        self.evaporation_rate = evaporation_rate\n",
        "        self.pheromone_intensification = intensification\n",
        "        self.heuristic_alpha = alpha\n",
        "        self.heuristic_beta = beta\n",
        "        self.beta_evaporation_rate = beta_evaporation_rate\n",
        "        self.choose_best = choose_best\n",
        "\n",
        "        # Internal representations\n",
        "        self.pheromone_matrix = None\n",
        "        self.heuristic_matrix = None\n",
        "        self.probability_matrix = None\n",
        "\n",
        "        self.map = None\n",
        "        self.set_of_available_nodes = None\n",
        "\n",
        "        # Internal stats\n",
        "        self.best_series = []\n",
        "        self.best = None\n",
        "        self.fitted = False\n",
        "        self.best_path = None\n",
        "        self.fit_time = None\n",
        "\n",
        "        # Plotting values\n",
        "        self.stopped_early = False\n",
        "\n",
        "        # -----------------------------------------\n",
        "        self.mejores = []\n",
        "\n",
        "    def __str__(self):\n",
        "        string = \"Ant Colony Optimizer\"\n",
        "        string += \"\\n--------------------\"\n",
        "        string += \"\\nDesigned to optimize either the minimum or maximum distance between nodes in a square matrix that behaves like a distance matrix.\"\n",
        "        string += \"\\n--------------------\"\n",
        "        string += \"\\nNumber of ants:\\t\\t\\t\\t{}\".format(self.ants)\n",
        "        string += \"\\nEvaporation rate:\\t\\t\\t{}\".format(self.evaporation_rate)\n",
        "        string += \"\\nIntensification factor:\\t\\t{}\".format(self.pheromone_intensification)\n",
        "        string += \"\\nAlpha Heuristic:\\t\\t\\t{}\".format(self.heuristic_alpha)\n",
        "        string += \"\\nBeta Heuristic:\\t\\t\\t\\t{}\".format(self.heuristic_beta)\n",
        "        string += \"\\nBeta Evaporation Rate:\\t\\t{}\".format(self.beta_evaporation_rate)\n",
        "        string += \"\\nChoose Best Percentage:\\t\\t{}\".format(self.choose_best)\n",
        "        string += \"\\n--------------------\"\n",
        "        string += \"\\nUSAGE:\"\n",
        "        string += \"\\nNumber of ants influences how many paths are explored each iteration.\"\n",
        "        string += \"\\nThe alpha and beta heuristics affect how much influence the pheromones or the distance heuristic weigh an ants' decisions.\"\n",
        "        string += \"\\nBeta evaporation reduces the influence of the heuristic over time.\"\n",
        "        string += \"\\nChoose best is a percentage of how often an ant will choose the best route over probabilistically choosing a route based on pheromones.\"\n",
        "        string += \"\\n--------------------\"\n",
        "        if self.fitted:\n",
        "            string += \"\\n\\nThis optimizer has been fitted.\"\n",
        "        else:\n",
        "            string += \"\\n\\nThis optimizer has NOT been fitted.\"\n",
        "        return string\n",
        "\n",
        "    def _initialize(self):\n",
        "        \"\"\"\n",
        "        Initializes the model by creating the various matrices and generating the list of available nodes\n",
        "        \"\"\"\n",
        "        assert self.map.shape[0] == self.map.shape[1], \"Map is not a distance matrix!\"\n",
        "        num_nodes = self.map.shape[0]\n",
        "        self.pheromone_matrix = np.ones((num_nodes, num_nodes))\n",
        "        # Remove the diagonal since there is no pheromone from node i to itself\n",
        "        self.pheromone_matrix[np.eye(num_nodes) == 1] = 0\n",
        "        self.heuristic_matrix = 1 / self.map\n",
        "        self.probability_matrix = (self.pheromone_matrix ** self.heuristic_alpha) * (\n",
        "                self.heuristic_matrix ** self.heuristic_beta)  # element by element multiplcation\n",
        "        self.set_of_available_nodes = list(range(num_nodes))\n",
        "\n",
        "    def _reinstate_nodes(self):\n",
        "        \"\"\"\n",
        "        Resets available nodes to all nodes for the next iteration\n",
        "        \"\"\"\n",
        "        self.set_of_available_nodes = list(range(self.map.shape[0]))\n",
        "\n",
        "    def _update_probabilities(self):\n",
        "        \"\"\"\n",
        "        After evaporation and intensification, the probability matrix needs to be updated.  This function\n",
        "        does that.\n",
        "        \"\"\"\n",
        "        self.probability_matrix = (self.pheromone_matrix ** self.heuristic_alpha) * (\n",
        "                self.heuristic_matrix ** self.heuristic_beta)\n",
        "\n",
        "    def _choose_next_node(self, from_node):\n",
        "        \"\"\"\n",
        "        Chooses the next node based on probabilities.  If p < p_choose_best, then the best path is chosen, otherwise\n",
        "        it is selected from a probability distribution weighted by the pheromone.\n",
        "        :param from_node: the node the ant is coming from\n",
        "        :return: index of the node the ant is going to\n",
        "        \"\"\"\n",
        "        numerator = self.probability_matrix[from_node, self.set_of_available_nodes]\n",
        "        if np.random.random() < self.choose_best:\n",
        "            next_node = np.argmax(numerator)\n",
        "        else:\n",
        "            denominator = np.sum(numerator)\n",
        "            probabilities = numerator / denominator\n",
        "            next_node = np.random.choice(range(len(probabilities)), p=probabilities)\n",
        "        return next_node\n",
        "\n",
        "    def _remove_node(self, node):\n",
        "        self.set_of_available_nodes.remove(node)\n",
        "\n",
        "    def _evaluate(self, paths, mode):\n",
        "        \"\"\"\n",
        "        Evaluates the solutions of the ants by adding up the distances between nodes.\n",
        "        :param paths: solutions from the ants\n",
        "        :param mode: max or min\n",
        "        :return: x and y coordinates of the best path as a tuple, the best path, and the best score\n",
        "        \"\"\"\n",
        "        scores = np.zeros(len(paths))\n",
        "        coordinates_i = []\n",
        "        coordinates_j = []\n",
        "        for index, path in enumerate(paths):\n",
        "            score = 0\n",
        "            coords_i = []\n",
        "            coords_j = []\n",
        "            for i in range(len(path) - 1):\n",
        "                coords_i.append(path[i])\n",
        "                coords_j.append(path[i + 1])\n",
        "                score += self.map[path[i], path[i + 1]]\n",
        "            scores[index] = score\n",
        "            coordinates_i.append(coords_i)\n",
        "            coordinates_j.append(coords_j)\n",
        "        if mode == 'min':\n",
        "            best = np.argmin(scores)\n",
        "        elif mode == 'max':\n",
        "            best = np.argmax(scores)\n",
        "        return (coordinates_i[best], coordinates_j[best]), paths[best], scores[best]\n",
        "\n",
        "    def _evaporation(self):\n",
        "        \"\"\"\n",
        "        Evaporate some pheromone as the inverse of the evaporation rate.  Also evaporates beta if desired.\n",
        "        \"\"\"\n",
        "        self.pheromone_matrix *= (1 - self.evaporation_rate)\n",
        "        self.heuristic_beta *= (1 - self.beta_evaporation_rate)\n",
        "\n",
        "    def _intensify(self, best_coords):\n",
        "        \"\"\"\n",
        "        Increases the pheromone by some scalar for the best route.\n",
        "        :param best_coords: x and y (i and j) coordinates of the best route\n",
        "        \"\"\"\n",
        "        i = best_coords[0]\n",
        "        j = best_coords[1]\n",
        "        self.pheromone_matrix[i, j] += self.pheromone_intensification\n",
        "\n",
        "    def fit(self, map_matrix, iterations=100, mode='min', early_stopping_count=20, verbose=True):\n",
        "        \"\"\"\n",
        "        Fits the ACO to a specific map.  This was designed with the Traveling Salesman problem in mind.\n",
        "        :param map_matrix: Distance matrix or some other matrix with similar properties\n",
        "        :param iterations: number of iterations\n",
        "        :param mode: whether to get the minimum path or maximum path\n",
        "        :param early_stopping_count: how many iterations of the same score to make the algorithm stop early\n",
        "        :return: the best score\n",
        "        \"\"\"\n",
        "        if verbose: print(\"Beginning ACO Optimization with {} iterations...\".format(iterations))\n",
        "        self.map = map_matrix\n",
        "        start = time.time()\n",
        "        self._initialize()\n",
        "        num_equal = 0\n",
        "\n",
        "        for i in range(iterations):\n",
        "            start_iter = time.time()\n",
        "            paths = []\n",
        "            path = []\n",
        "\n",
        "            for ant in range(self.ants):\n",
        "                current_node = self.set_of_available_nodes[np.random.randint(0, len(self.set_of_available_nodes))]\n",
        "                start_node = current_node\n",
        "                while True:\n",
        "                    path.append(current_node)\n",
        "                    self._remove_node(current_node)\n",
        "                    if len(self.set_of_available_nodes) != 0:\n",
        "                        current_node_index = self._choose_next_node(current_node)\n",
        "                        current_node = self.set_of_available_nodes[current_node_index]\n",
        "                    else:\n",
        "                        break\n",
        "\n",
        "                path.append(start_node)  # go back to start\n",
        "                self._reinstate_nodes()\n",
        "                paths.append(path)\n",
        "                path = []\n",
        "\n",
        "            best_path_coords, best_path, best_score = self._evaluate(paths, mode)\n",
        "\n",
        "            if i == 0:\n",
        "                best_score_so_far = best_score\n",
        "            else:\n",
        "                if mode == 'min':\n",
        "                    if best_score < best_score_so_far:\n",
        "                        best_score_so_far = best_score\n",
        "                        self.best_path = best_path\n",
        "                elif mode == 'max':\n",
        "                    if best_score > best_score_so_far:\n",
        "                        best_score_so_far = best_score\n",
        "                        self.best_path = best_path\n",
        "\n",
        "            if best_score == best_score_so_far:\n",
        "                num_equal += 1\n",
        "            else:\n",
        "                num_equal = 0\n",
        "\n",
        "            self.best_series.append(best_score)\n",
        "            self._evaporation()\n",
        "            self._intensify(best_path_coords)\n",
        "            self._update_probabilities()\n",
        "\n",
        "            if verbose: print(\"Best score at iteration {}: {}; overall: {} ({}s)\"\n",
        "                              \"\".format(i, round(best_score, 2), round(best_score_so_far, 2),\n",
        "                                        round(time.time() - start_iter)))\n",
        "\n",
        "            if best_score == best_score_so_far and num_equal == early_stopping_count:\n",
        "                self.stopped_early = True\n",
        "                print(\"Stopping early due to {} iterations of the same score.\".format(early_stopping_count))\n",
        "                break\n",
        "\n",
        "            # -----------------------------------------\n",
        "            if optimizer.best_path != None:\n",
        "                self.mejores.append(optimizer.best_path)\n",
        "\n",
        "        self.fit_time = round(time.time() - start)\n",
        "        self.fitted = True\n",
        "\n",
        "        if mode == 'min':\n",
        "            self.best = self.best_series[np.argmin(self.best_series)]\n",
        "            if verbose: print(\n",
        "                \"ACO fitted.  Runtime: {} minutes.  Best score: {}\".format(self.fit_time // 60, self.best))\n",
        "            return self.best\n",
        "        elif mode == 'max':\n",
        "            self.best = self.best_series[np.argmax(self.best_series)]\n",
        "            if verbose: print(\n",
        "                \"ACO fitted.  Runtime: {} minutes.  Best score: {}\".format(self.fit_time // 60, self.best))\n",
        "            return self.best\n",
        "        else:\n",
        "            raise ValueError(\"Invalid mode!  Choose 'min' or 'max'.\")\n",
        "\n",
        "    def plot(self):\n",
        "        \"\"\"\n",
        "        Plots the score over time after the model has been fitted.\n",
        "        :return: None if the model isn't fitted yet\n",
        "        \"\"\"\n",
        "        if not self.fitted:\n",
        "            print(\"Ant Colony Optimizer not fitted!  There exists nothing to plot.\")\n",
        "            return None\n",
        "        else:\n",
        "            fig, ax = plt.subplots(figsize=(20, 15))\n",
        "            ax.plot(self.best_series, label=\"Best Run\")\n",
        "            ax.set_xlabel(\"Iteration\")\n",
        "            ax.set_ylabel(\"Performance\")\n",
        "            ax.text(.8, .6,\n",
        "                    'Ants: {}\\nEvap Rate: {}\\nIntensify: {}\\nAlpha: {}\\nBeta: {}\\nBeta Evap: {}\\nChoose Best: {}\\n\\nFit Time: {}m{}'.format(\n",
        "                        self.ants, self.evaporation_rate, self.pheromone_intensification, self.heuristic_alpha,\n",
        "                        self.heuristic_beta, self.beta_evaporation_rate, self.choose_best, self.fit_time // 60,\n",
        "                        [\"\\nStopped Early!\" if self.stopped_early else \"\"][0]),\n",
        "                    bbox={'facecolor': 'gray', 'alpha': 0.8, 'pad': 10}, transform=ax.transAxes)\n",
        "            ax.legend()\n",
        "            plt.title(\"Ant Colony Optimization Results (best: {})\".format(np.round(self.best, 2)))\n",
        "            plt.show()\n"
      ],
      "metadata": {
        "id": "m5HQqmkt5MT6"
      },
      "execution_count": 4,
      "outputs": []
    },
    {
      "cell_type": "code",
      "source": [
        "M = np.array([[0.        , 0.20728261, 0.05963149, 0.30956713, 0.12827671,\n",
        "        0.11331455, 0.16708515, 0.64847932, 0.61216317, 0.78631723,\n",
        "        0.75283619, 0.79721259, 0.30154763, 0.44531692, 0.56130045],\n",
        "       [0.20728261, 0.        , 0.26241889, 0.43598146, 0.33123184,\n",
        "        0.31610196, 0.36987256, 0.85141813, 0.81495058, 0.98910463,\n",
        "        0.955775  , 1.        , 0.50433504, 0.64810433, 0.76180865],\n",
        "       [0.05963149, 0.26241889, 0.        , 0.25488684, 0.07376698,\n",
        "        0.05848285, 0.11240486, 0.59380186, 0.55748288, 0.73148836,\n",
        "        0.6981559 , 0.7425323 , 0.24671594, 0.39048522, 0.50662015],\n",
        "       [0.30956713, 0.43598146, 0.25488684, 0.        , 0.24170847,\n",
        "        0.19992642, 0.19502981, 0.46467515, 0.59870065, 0.57134447,\n",
        "        0.58518734, 0.57530452, 0.30065361, 0.2407241 , 0.29316624],\n",
        "       [0.12827671, 0.33123184, 0.07376698, 0.24170847, 0.        ,\n",
        "        0.046215  , 0.0427045 , 0.5113075 , 0.48778252, 0.66178517,\n",
        "        0.62845554, 0.67283194, 0.17701558, 0.3079937 , 0.42412863],\n",
        "       [0.11331455, 0.31610196, 0.05848285, 0.19992642, 0.046215  ,\n",
        "        0.        , 0.0890709 , 0.53884145, 0.53414892, 0.70815157,\n",
        "        0.67482194, 0.71904694, 0.22337914, 0.33567621, 0.45165974],\n",
        "       [0.16708515, 0.36987256, 0.11240486, 0.19502981, 0.0427045 ,\n",
        "        0.0890709 , 0.        , 0.47219221, 0.46084723, 0.63500128,\n",
        "        0.60152025, 0.64589665, 0.15008029, 0.26902981, 0.3850105 ],\n",
        "       [0.64847932, 0.85141813, 0.59380186, 0.46467515, 0.5113075 ,\n",
        "        0.53884145, 0.47219221, 0.        , 0.27954491, 0.21869301,\n",
        "        0.23253588, 0.22265306, 0.46487433, 0.26564799, 0.28142542],\n",
        "       [0.61216317, 0.81495058, 0.55748288, 0.59870065, 0.48778252,\n",
        "        0.53414892, 0.46084723, 0.27954491, 0.        , 0.21496858,\n",
        "        0.21493717, 0.22586111, 0.31061838, 0.43302065, 0.44894948],\n",
        "       [0.78631723, 0.98910463, 0.73148836, 0.57134447, 0.66178517,\n",
        "        0.70815157, 0.63500128, 0.21869301, 0.21496858, 0.        ,\n",
        "        0.08449765, 0.00798131, 0.48477243, 0.37231731, 0.38809475],\n",
        "       [0.75283619, 0.955775  , 0.6981559 , 0.58518734, 0.62845554,\n",
        "        0.67482194, 0.60152025, 0.23253588, 0.21493717, 0.08449765,\n",
        "        0.        , 0.10414595, 0.45128856, 0.38601162, 0.40178905],\n",
        "       [0.79721259, 1.        , 0.7425323 , 0.57530452, 0.67283194,\n",
        "        0.71904694, 0.64589665, 0.22265306, 0.22586111, 0.00798131,\n",
        "        0.10414595, 0.        , 0.49566496, 0.37612596, 0.3920548 ],\n",
        "       [0.30154763, 0.50433504, 0.24671594, 0.30065361, 0.17701558,\n",
        "        0.22337914, 0.15008029, 0.46487433, 0.31061838, 0.48477243,\n",
        "        0.45128856, 0.49566496, 0.        , 0.26155769, 0.37769262],\n",
        "       [0.44531692, 0.64810433, 0.39048522, 0.2407241 , 0.3079937 ,\n",
        "        0.33567621, 0.26902981, 0.26564799, 0.43302065, 0.37231731,\n",
        "        0.38601162, 0.37612596, 0.26155769, 0.        , 0.11370433],\n",
        "       [0.56130045, 0.76180865, 0.50662015, 0.29316624, 0.42412863,\n",
        "        0.45165974, 0.3850105 , 0.28142542, 0.44894948, 0.38809475,\n",
        "        0.40178905, 0.3920548 , 0.37769262, 0.11370433, 0.        ]])"
      ],
      "metadata": {
        "id": "71ajI11v5Uxl"
      },
      "execution_count": 5,
      "outputs": []
    },
    {
      "cell_type": "code",
      "source": [
        "# Definición del problema y parametrización del optimizador:\n",
        "problema = M\n",
        "optimizer = AntColonyOptimizer(ants=100, evaporation_rate=.2, intensification=2,\n",
        "                               alpha=1, beta=1, beta_evaporation_rate=0, choose_best=.1)\n",
        "\n",
        "# Optimización\n",
        "best = optimizer.fit(problema, 1000)\n",
        "\n",
        "etiquetas = [\"Palmira\", \"Pasto\", \"Tuluá\", \"Bogota\",\t\"Pereira\", \"Armenia\",\n",
        "             \"Manizales\", \"Valledupar\", \"Montería\", \"Soledad\", \"Cartagena\",\n",
        "             \"Barranquilla\", \"Medellín\", \"Bucaramanga\", \"Cúcuta\"]\n",
        "\n",
        "mejores = optimizer.mejores\n",
        "coordenadas = np.array([\n",
        "    [3.53944, -76.30361],\n",
        "    [1.21361, -77.28111],\n",
        "    [4.08466, -76.19536],\n",
        "    [4.60971, -74.08175],\n",
        "    [4.81333, -75.69611],\n",
        "    [4.53389, -75.68111],\n",
        "    [5.06889, -75.51738],\n",
        "    [10.46314, -73.25322],\n",
        "    [8.74798, -75.88143],\n",
        "    [10.91843, -74.76459],\n",
        "    [10.39972, -75.51444],\n",
        "    [10.96854, -74.78132],\n",
        "    [6.25184, -75.56359],\n",
        "    [7.12539, -73.1198],\n",
        "    [7.89391, -72.50782]\n",
        "])"
      ],
      "metadata": {
        "colab": {
          "base_uri": "https://localhost:8080/"
        },
        "id": "rqWJCk5R5Y-8",
        "outputId": "03ed5986-b3ba-4a7d-ac49-b294d70f8e4c"
      },
      "execution_count": 6,
      "outputs": [
        {
          "output_type": "stream",
          "name": "stdout",
          "text": [
            "Beginning ACO Optimization with 1000 iterations...\n",
            "Best score at iteration 0: 3.2; overall: 3.2 (0s)\n",
            "Best score at iteration 1: 3.08; overall: 3.08 (0s)\n",
            "Best score at iteration 2: 2.86; overall: 2.86 (0s)\n",
            "Best score at iteration 3: 2.74; overall: 2.74 (0s)\n",
            "Best score at iteration 4: 2.74; overall: 2.74 (0s)\n",
            "Best score at iteration 5: 2.65; overall: 2.65 (0s)\n",
            "Best score at iteration 6: 2.64; overall: 2.64 (0s)\n",
            "Best score at iteration 7: 2.53; overall: 2.53 (0s)\n",
            "Best score at iteration 8: 2.53; overall: 2.53 (0s)\n",
            "Best score at iteration 9: 2.53; overall: 2.53 (0s)\n",
            "Best score at iteration 10: 2.53; overall: 2.53 (0s)\n",
            "Best score at iteration 11: 2.53; overall: 2.53 (0s)\n",
            "Best score at iteration 12: 2.53; overall: 2.53 (0s)\n",
            "Best score at iteration 13: 2.53; overall: 2.53 (0s)\n",
            "Best score at iteration 14: 2.53; overall: 2.53 (0s)\n",
            "Best score at iteration 15: 2.53; overall: 2.53 (0s)\n",
            "Best score at iteration 16: 2.53; overall: 2.53 (0s)\n",
            "Best score at iteration 17: 2.53; overall: 2.53 (0s)\n",
            "Best score at iteration 18: 2.53; overall: 2.53 (0s)\n",
            "Best score at iteration 19: 2.53; overall: 2.53 (0s)\n",
            "Stopping early due to 20 iterations of the same score.\n",
            "ACO fitted.  Runtime: 0 minutes.  Best score: 2.5343910899999997\n"
          ]
        }
      ]
    },
    {
      "cell_type": "code",
      "source": [
        "\n",
        "def ruta(solution):\n",
        "  testImage = img.imread('/content/colombia_Rojo.png')\n",
        "  modifiedImage = testImage[57:363, 209:442]\n",
        "  plt.imshow(modifiedImage, extent=[-79,-69,-0.25,12.72])\n",
        "  plt.scatter(coordenadas[:,1], coordenadas[:,0], c='red', alpha = 0.7)\n",
        "\n",
        "  plt.plot(coordenadas[np.append(solution, solution[0]), 1],coordenadas[np.append(solution, solution[0]), 0] , '--r', alpha = 0.5)"
      ],
      "metadata": {
        "id": "-zxFPzMW5iRk"
      },
      "execution_count": 8,
      "outputs": []
    },
    {
      "cell_type": "code",
      "source": [
        "def animate(frames):\n",
        "    fig, ax = plt.subplots()\n",
        "    #plt.figure(figsize=(6, 4))\n",
        "\n",
        "    ax.set_aspect('equal')\n",
        "    seleccionados = []\n",
        "    for f in range(len(mejores)):\n",
        "      if f < 20 or f%7 == 0:\n",
        "        seleccionados.append(frames[f])\n",
        "    frames = seleccionados\n",
        "\n",
        "    def update(frame):\n",
        "        ax.clear()\n",
        "        ruta(frame)\n",
        "        #fig.colorbar(contorno, shrink=0.5, aspect=20)\n",
        "\n",
        "\n",
        "\n",
        "    ani = FuncAnimation(fig, update, frames=frames, repeat=True)\n",
        "    ani.save(\"hormigas.gif\")\n",
        "    ani_jshtml = ani.to_jshtml()\n",
        "    plt.close()\n",
        "\n",
        "    return HTML(ani_jshtml)\n",
        "animate(mejores)"
      ],
      "metadata": {
        "colab": {
          "base_uri": "https://localhost:8080/",
          "height": 579
        },
        "id": "j2r2kn9g5jbz",
        "outputId": "0952803e-4e2a-4189-9a35-c09da7956f36"
      },
      "execution_count": 11,
      "outputs": [
        {
          "output_type": "execute_result",
          "data": {
            "text/plain": [
              "<IPython.core.display.HTML object>"
            ],
            "text/html": [
              "\n",
              "<link rel=\"stylesheet\"\n",
              "href=\"https://maxcdn.bootstrapcdn.com/font-awesome/4.4.0/css/font-awesome.min.css\">\n",
              "<script language=\"javascript\">\n",
              "  function isInternetExplorer() {\n",
              "    ua = navigator.userAgent;\n",
              "    /* MSIE used to detect old browsers and Trident used to newer ones*/\n",
              "    return ua.indexOf(\"MSIE \") > -1 || ua.indexOf(\"Trident/\") > -1;\n",
              "  }\n",
              "\n",
              "  /* Define the Animation class */\n",
              "  function Animation(frames, img_id, slider_id, interval, loop_select_id){\n",
              "    this.img_id = img_id;\n",
              "    this.slider_id = slider_id;\n",
              "    this.loop_select_id = loop_select_id;\n",
              "    this.interval = interval;\n",
              "    this.current_frame = 0;\n",
              "    this.direction = 0;\n",
              "    this.timer = null;\n",
              "    this.frames = new Array(frames.length);\n",
              "\n",
              "    for (var i=0; i<frames.length; i++)\n",
              "    {\n",
              "     this.frames[i] = new Image();\n",
              "     this.frames[i].src = frames[i];\n",
              "    }\n",
              "    var slider = document.getElementById(this.slider_id);\n",
              "    slider.max = this.frames.length - 1;\n",
              "    if (isInternetExplorer()) {\n",
              "        // switch from oninput to onchange because IE <= 11 does not conform\n",
              "        // with W3C specification. It ignores oninput and onchange behaves\n",
              "        // like oninput. In contrast, Microsoft Edge behaves correctly.\n",
              "        slider.setAttribute('onchange', slider.getAttribute('oninput'));\n",
              "        slider.setAttribute('oninput', null);\n",
              "    }\n",
              "    this.set_frame(this.current_frame);\n",
              "  }\n",
              "\n",
              "  Animation.prototype.get_loop_state = function(){\n",
              "    var button_group = document[this.loop_select_id].state;\n",
              "    for (var i = 0; i < button_group.length; i++) {\n",
              "        var button = button_group[i];\n",
              "        if (button.checked) {\n",
              "            return button.value;\n",
              "        }\n",
              "    }\n",
              "    return undefined;\n",
              "  }\n",
              "\n",
              "  Animation.prototype.set_frame = function(frame){\n",
              "    this.current_frame = frame;\n",
              "    document.getElementById(this.img_id).src =\n",
              "            this.frames[this.current_frame].src;\n",
              "    document.getElementById(this.slider_id).value = this.current_frame;\n",
              "  }\n",
              "\n",
              "  Animation.prototype.next_frame = function()\n",
              "  {\n",
              "    this.set_frame(Math.min(this.frames.length - 1, this.current_frame + 1));\n",
              "  }\n",
              "\n",
              "  Animation.prototype.previous_frame = function()\n",
              "  {\n",
              "    this.set_frame(Math.max(0, this.current_frame - 1));\n",
              "  }\n",
              "\n",
              "  Animation.prototype.first_frame = function()\n",
              "  {\n",
              "    this.set_frame(0);\n",
              "  }\n",
              "\n",
              "  Animation.prototype.last_frame = function()\n",
              "  {\n",
              "    this.set_frame(this.frames.length - 1);\n",
              "  }\n",
              "\n",
              "  Animation.prototype.slower = function()\n",
              "  {\n",
              "    this.interval /= 0.7;\n",
              "    if(this.direction > 0){this.play_animation();}\n",
              "    else if(this.direction < 0){this.reverse_animation();}\n",
              "  }\n",
              "\n",
              "  Animation.prototype.faster = function()\n",
              "  {\n",
              "    this.interval *= 0.7;\n",
              "    if(this.direction > 0){this.play_animation();}\n",
              "    else if(this.direction < 0){this.reverse_animation();}\n",
              "  }\n",
              "\n",
              "  Animation.prototype.anim_step_forward = function()\n",
              "  {\n",
              "    this.current_frame += 1;\n",
              "    if(this.current_frame < this.frames.length){\n",
              "      this.set_frame(this.current_frame);\n",
              "    }else{\n",
              "      var loop_state = this.get_loop_state();\n",
              "      if(loop_state == \"loop\"){\n",
              "        this.first_frame();\n",
              "      }else if(loop_state == \"reflect\"){\n",
              "        this.last_frame();\n",
              "        this.reverse_animation();\n",
              "      }else{\n",
              "        this.pause_animation();\n",
              "        this.last_frame();\n",
              "      }\n",
              "    }\n",
              "  }\n",
              "\n",
              "  Animation.prototype.anim_step_reverse = function()\n",
              "  {\n",
              "    this.current_frame -= 1;\n",
              "    if(this.current_frame >= 0){\n",
              "      this.set_frame(this.current_frame);\n",
              "    }else{\n",
              "      var loop_state = this.get_loop_state();\n",
              "      if(loop_state == \"loop\"){\n",
              "        this.last_frame();\n",
              "      }else if(loop_state == \"reflect\"){\n",
              "        this.first_frame();\n",
              "        this.play_animation();\n",
              "      }else{\n",
              "        this.pause_animation();\n",
              "        this.first_frame();\n",
              "      }\n",
              "    }\n",
              "  }\n",
              "\n",
              "  Animation.prototype.pause_animation = function()\n",
              "  {\n",
              "    this.direction = 0;\n",
              "    if (this.timer){\n",
              "      clearInterval(this.timer);\n",
              "      this.timer = null;\n",
              "    }\n",
              "  }\n",
              "\n",
              "  Animation.prototype.play_animation = function()\n",
              "  {\n",
              "    this.pause_animation();\n",
              "    this.direction = 1;\n",
              "    var t = this;\n",
              "    if (!this.timer) this.timer = setInterval(function() {\n",
              "        t.anim_step_forward();\n",
              "    }, this.interval);\n",
              "  }\n",
              "\n",
              "  Animation.prototype.reverse_animation = function()\n",
              "  {\n",
              "    this.pause_animation();\n",
              "    this.direction = -1;\n",
              "    var t = this;\n",
              "    if (!this.timer) this.timer = setInterval(function() {\n",
              "        t.anim_step_reverse();\n",
              "    }, this.interval);\n",
              "  }\n",
              "</script>\n",
              "\n",
              "<style>\n",
              ".animation {\n",
              "    display: inline-block;\n",
              "    text-align: center;\n",
              "}\n",
              "input[type=range].anim-slider {\n",
              "    width: 374px;\n",
              "    margin-left: auto;\n",
              "    margin-right: auto;\n",
              "}\n",
              ".anim-buttons {\n",
              "    margin: 8px 0px;\n",
              "}\n",
              ".anim-buttons button {\n",
              "    padding: 0;\n",
              "    width: 36px;\n",
              "}\n",
              ".anim-state label {\n",
              "    margin-right: 8px;\n",
